Version 0.9.7
5
 4 10 175 77 128 0 1
 5 80 400 206 81 2 2
 1 586 98 206 81 8 3
 0 180 180 877 276 18 4
 3 302 104 203 58 150 5
 0
19
 255 5 71 189 69 189 69 72 601 72 601 109 601 109 0 1 0 3
 255 5 71 202 71 202 233 202 233 202 233 207 233 207 0 1 0 4
 0 5 71 249 144 249 144 168 601 168 601 167 601 167 0 1 0 3
 0 5 71 262 71 262 71 261 158 261 158 141 313 141 0 1 0 5
 0 5 71 288 71 288 71 428 71 428 233 428 233 428 0 1 0 4
 0 5 597 350 597 350 597 350 597 428 597 428 597 428 0 4 0 4
 255 5 519 285 519 285 519 285 519 207 519 207 519 207 0 4 0 4
 16776960 5 519 350 519 350 519 409 635 409 635 122 642 122 0 4 0 3
 16776960 5 532 350 532 350 532 401 670 401 670 122 661 122 0 4 0 3
 16776960 5 597 285 597 285 597 233 689 233 689 122 680 122 0 4 0 3
 16776960 5 584 285 584 285 584 224 709 224 709 122 699 122 0 4 0 3
 65280 5 348 148 348 148 348 397 545 397 545 350 545 350 0 5 0 4
 65280 5 558 350 558 350 558 322 368 322 368 148 368 148 0 4 0 5
 65280 5 571 350 571 350 571 330 388 330 388 148 388 148 0 4 0 5
 65280 5 584 350 584 356 413 356 413 148 408 148 408 148 0 4 0 5
 65280 5 571 285 571 285 571 221 428 221 428 148 428 148 0 4 0 5
 65280 5 558 285 558 285 558 228 448 228 448 148 448 148 0 4 0 5
 65280 5 545 285 545 285 545 180 468 180 468 148 468 148 0 4 0 5
 65280 5 532 285 532 285 532 148 532 148 488 148 488 148 0 4 0 5
1
 7164 1 14 513 298 5 0 0 0 4
