Version 0.9.7
6
 4 10 175 77 128 0 1
 5 80 400 206 81 2 2
 0 220 220 877 276 8 3
 1 612 132 206 81 140 4
 3 332 141 203 58 150 5
 1 820 132 206 81 169 7
 0
21
 255 5 71 189 71 189 71 143 71 143 627 143 627 143 0 1 0 4
 255 5 71 202 71 202 273 202 273 202 273 247 273 247 0 1 0 3
 0 5 71 288 71 288 71 468 71 468 273 468 273 468 0 1 0 3
 0 5 71 249 71 249 198 249 198 178 343 178 343 178 0 1 0 5
 0 5 71 262 151 262 151 214 627 214 627 201 627 201 0 1 0 4
 0 5 663 390 663 390 663 390 663 468 663 468 663 468 0 3 0 3
 255 5 572 325 572 325 572 325 572 247 572 247 572 247 0 3 0 3
 65280 5 663 325 663 325 663 268 378 268 378 185 378 185 0 3 0 5
 65280 5 650 390 650 390 650 449 398 449 398 185 398 185 0 3 0 5
 0 5 585 325 585 257 549 257 549 468 585 468 585 468 0 3 0 3
 16776960 5 650 325 650 325 654 325 654 130 668 130 668 169 0 3 0 4
 16776960 5 637 325 637 325 641 325 641 114 687 114 687 169 0 3 0 4
 16776960 5 624 325 634 325 634 91 706 91 706 169 706 169 0 3 0 4
 16776960 5 725 169 725 169 725 82 611 82 611 325 611 325 0 4 0 3
 16776960 5 598 325 598 325 598 65 744 65 744 169 744 169 0 3 0 4
 16776960 5 598 390 598 390 598 227 752 227 752 169 763 169 0 3 0 4
 16776960 5 611 390 611 390 611 361 773 361 773 156 782 156 0 3 0 4
 16776960 5 624 390 624 368 808 368 808 143 801 143 801 143 0 3 0 4
 16776960 5 585 390 585 390 585 442 889 442 889 156 895 156 0 3 0 7
 16776960 5 637 390 637 377 859 377 859 173 876 173 876 169 0 3 0 7
 16776960 5 572 390 572 390 572 352 923 352 923 169 914 169 0 3 0 7
1
 7165 1 16 566 338 5 0 0 0 3
