Version 0.9.7
5
 4 79 289 77 128 0 1
 5 80 400 206 81 2 2
 1 587 124 206 81 8 3
 3 370 150 203 58 18 4
 0 248 216 877 276 27 5
 0
21
 0 5 140 402 140 402 140 464 140 464 301 464 301 464 0 1 0 5
 0 5 140 363 140 363 229 363 229 213 602 213 602 193 0 1 0 3
 0 5 140 376 140 376 212 376 212 187 381 187 381 187 0 1 0 4
 255 5 140 303 140 303 140 135 140 135 602 135 602 135 0 1 0 3
 255 5 301 243 301 243 184 243 184 342 140 342 140 342 0 5 0 1
 255 5 600 321 600 321 600 321 600 243 600 243 600 243 0 5 0 5
 0 5 691 386 691 386 691 386 691 464 691 464 691 464 0 5 0 5
 65280 5 416 194 416 194 416 449 613 449 613 386 613 386 0 4 0 5
 65280 5 626 386 629 386 629 442 436 442 436 194 436 194 0 5 0 4
 65280 5 678 386 678 386 678 436 456 436 456 194 456 194 0 5 0 4
 65280 5 665 386 665 386 665 361 476 361 476 194 476 194 0 5 0 4
 65280 5 678 321 678 321 678 352 496 352 496 194 496 194 0 5 0 4
 65280 5 665 321 665 321 665 344 516 344 516 194 516 194 0 5 0 4
 65280 5 613 321 613 321 613 337 536 337 536 194 536 194 0 5 0 4
 65280 5 626 321 626 321 626 205 556 205 556 194 556 194 0 5 0 4
 16776960 5 639 386 639 386 632 386 632 161 643 161 643 161 0 5 0 3
 16776960 5 652 386 652 452 808 452 808 100 662 100 662 161 0 5 0 3
 16776960 5 652 321 652 321 652 69 681 69 681 161 681 161 0 5 0 3
 16776960 5 639 321 655 321 655 46 700 46 700 161 700 161 0 5 0 3
 16776960 5 600 386 600 386 600 488 711 488 711 161 719 161 0 5 0 3
 16776960 5 691 321 691 321 748 321 748 161 738 161 738 161 0 5 0 3
1
 7175 1 16 594 334 5 0 0 0 5
