Version 0.9.7
5
 4 48 223 77 128 0 1
 5 80 400 206 81 2 2
 0 292 160 877 276 8 3
 1 686 73 206 81 150 5
 3 449 93 203 58 160 6
 0
14
 0 5 109 336 109 336 109 408 109 408 345 408 345 408 0 1 0 3
 255 5 109 276 109 276 176 276 176 187 345 187 345 187 0 1 0 3
 0 5 109 297 109 297 212 297 212 130 460 130 460 130 0 1 0 6
 255 5 553 330 553 330 553 338 678 338 678 187 670 187 0 3 0 3
 0 5 540 265 534 265 534 218 429 218 429 408 436 408 0 3 0 3
 16776960 5 540 330 540 330 733 330 733 84 742 84 742 84 0 3 0 5
 16776960 5 780 84 780 84 771 84 771 265 501 265 501 265 0 5 0 3
 16776960 5 501 330 501 330 501 390 752 390 752 97 761 97 0 3 0 5
 0 5 109 310 249 310 249 158 701 158 701 142 701 142 0 1 0 5
 255 5 109 237 109 237 109 52 701 52 701 84 701 84 0 1 0 5
 65280 5 495 137 495 137 508 137 508 252 514 252 514 252 0 6 0 3
 65280 5 527 252 527 252 527 137 527 137 515 137 515 137 0 3 0 6
 16776960 5 514 330 514 330 514 383 789 383 789 97 799 97 0 3 0 5
 16776960 5 527 330 527 330 527 377 828 377 828 110 818 110 0 3 0 5
1
 7076 1 16 495 278 5 0 0 0 3
